Temperature [°C]	0	0.31	0.67	0.96	1.25	1.6	1.89	2.22	2.57	2.87	3.22	3.52	3.83	4.13	4.43	4.77	5.1	5.44	5.74	6.05	6.39	6.7	6.98	7.63
19.999	0.717	0.706	0.706	0.699	0.693	0.698	0.701	0.698	0.702	0.711	0.701	0.707	0.719	0.715	0.739	0.771	0.843	0.932	1.052	1.105	1.237	1.277	1.296	1.333
19.999	0.713	0.706	0.703	0.699	0.692	0.697	0.702	0.698	0.703	0.709	0.7	0.707	0.722	0.713	0.738	0.772	0.843	0.933	1.052	1.104	1.234	1.276	1.297	1.334
20.009	0.718	0.706	0.702	0.699	0.692	0.696	0.702	0.697	0.702	0.708	0.7	0.707	0.719	0.714	0.738	0.772	0.842	0.93	1.052	1.105	1.236	1.274	1.296	1.332
20.01	0.715	0.707	0.703	0.699	0.691	0.696	0.702	0.696	0.702	0.708	0.7	0.705	0.718	0.713	0.739	0.771	0.842	0.932	1.05	1.106	1.238	1.273	1.296	1.335
20.042	0.715	0.704	0.702	0.699	0.691	0.695	0.702	0.697	0.702	0.709	0.698	0.707	0.719	0.715	0.738	0.771	0.843	0.933	1.051	1.103	1.235	1.276	1.294	1.333
20.045	0.716	0.704	0.703	0.699	0.691	0.696	0.703	0.696	0.702	0.707	0.7	0.704	0.718	0.715	0.737	0.771	0.843	0.932	1.052	1.106	1.236	1.275	1.295	1.332
20.095	0.714	0.706	0.702	0.698	0.691	0.695	0.701	0.694	0.705	0.708	0.7	0.707	0.719	0.715	0.739	0.771	0.843	0.931	1.051	1.107	1.236	1.271	1.297	1.329
20.098	0.716	0.705	0.705	0.698	0.691	0.697	0.701	0.696	0.702	0.709	0.698	0.706	0.719	0.717	0.738	0.769	0.841	0.932	1.051	1.107	1.237	1.273	1.294	1.332
20.166	0.714	0.706	0.705	0.699	0.689	0.696	0.702	0.696	0.701	0.709	0.699	0.707	0.72	0.715	0.74	0.769	0.844	0.931	1.054	1.106	1.236	1.271	1.294	1.333
20.17	0.714	0.707	0.704	0.7	0.691	0.697	0.7	0.696	0.702	0.71	0.701	0.706	0.72	0.715	0.739	0.771	0.841	0.932	1.049	1.105	1.234	1.272	1.294	1.331
20.253	0.717	0.707	0.705	0.7	0.689	0.697	0.701	0.696	0.703	0.709	0.701	0.708	0.717	0.714	0.737	0.77	0.841	0.933	1.047	1.105	1.236	1.273	1.292	1.331
20.258	0.714	0.704	0.704	0.698	0.692	0.696	0.703	0.696	0.702	0.71	0.7	0.706	0.719	0.714	0.738	0.771	0.843	0.932	1.05	1.106	1.234	1.273	1.295	1.332
20.356	0.713	0.704	0.704	0.701	0.691	0.697	0.702	0.695	0.701	0.707	0.699	0.704	0.722	0.715	0.738	0.771	0.842	0.933	1.053	1.104	1.235	1.273	1.297	1.333
20.365	0.717	0.706	0.703	0.7	0.689	0.699	0.703	0.695	0.703	0.708	0.702	0.705	0.72	0.714	0.735	0.771	0.841	0.932	1.051	1.105	1.234	1.274	1.292	1.334
20.479	0.715	0.707	0.704	0.698	0.691	0.694	0.701	0.696	0.703	0.708	0.7	0.706	0.718	0.712	0.737	0.771	0.843	0.932	1.048	1.105	1.234	1.274	1.29	1.332
20.485	0.715	0.704	0.703	0.7	0.69	0.699	0.703	0.695	0.702	0.707	0.699	0.706	0.72	0.715	0.737	0.768	0.839	0.931	1.05	1.102	1.236	1.274	1.29	1.337
20.611	0.715	0.704	0.702	0.698	0.69	0.697	0.699	0.695	0.7	0.71	0.699	0.706	0.719	0.715	0.735	0.771	0.841	0.933	1.05	1.105	1.235	1.271	1.293	1.331
20.619	0.714	0.704	0.703	0.699	0.691	0.696	0.701	0.694	0.701	0.709	0.7	0.704	0.718	0.716	0.737	0.771	0.842	0.93	1.051	1.103	1.236	1.272	1.295	1.333
20.761	0.715	0.704	0.703	0.699	0.691	0.697	0.701	0.697	0.701	0.709	0.701	0.705	0.719	0.715	0.736	0.769	0.843	0.931	1.046	1.103	1.236	1.272	1.292	1.33
20.77	0.714	0.704	0.704	0.698	0.689	0.694	0.703	0.696	0.702	0.708	0.699	0.706	0.719	0.715	0.736	0.769	0.844	0.93	1.05	1.103	1.235	1.27	1.291	1.333
20.922	0.715	0.703	0.701	0.7	0.689	0.697	0.702	0.694	0.701	0.709	0.7	0.704	0.72	0.714	0.736	0.771	0.84	0.931	1.048	1.104	1.232	1.271	1.293	1.332
20.931	0.715	0.704	0.704	0.697	0.69	0.695	0.702	0.696	0.702	0.709	0.698	0.705	0.72	0.711	0.737	0.769	0.84	0.93	1.05	1.102	1.234	1.273	1.293	1.331
21.095	0.715	0.704	0.703	0.699	0.691	0.696	0.701	0.695	0.7	0.708	0.7	0.706	0.721	0.713	0.737	0.767	0.841	0.932	1.048	1.102	1.232	1.273	1.29	1.329
21.105	0.716	0.705	0.702	0.699	0.689	0.698	0.701	0.694	0.702	0.707	0.699	0.703	0.717	0.714	0.738	0.768	0.838	0.928	1.047	1.105	1.233	1.271	1.292	1.331
21.277	0.715	0.704	0.702	0.699	0.689	0.695	0.7	0.696	0.701	0.709	0.698	0.704	0.72	0.714	0.737	0.771	0.84	0.931	1.047	1.103	1.234	1.273	1.29	1.332
21.286	0.715	0.704	0.702	0.7	0.692	0.696	0.7	0.694	0.701	0.709	0.698	0.704	0.717	0.713	0.734	0.768	0.838	0.93	1.048	1.101	1.232	1.271	1.29	1.332
21.469	0.714	0.703	0.703	0.699	0.693	0.696	0.703	0.693	0.701	0.706	0.697	0.704	0.718	0.714	0.737	0.769	0.841	0.929	1.048	1.101	1.231	1.272	1.292	1.332
21.479	0.715	0.703	0.701	0.698	0.692	0.695	0.702	0.694	0.699	0.71	0.699	0.702	0.717	0.714	0.734	0.77	0.84	0.929	1.048	1.101	1.232	1.271	1.291	1.33
21.671	0.713	0.705	0.701	0.698	0.689	0.696	0.698	0.694	0.7	0.707	0.699	0.704	0.718	0.714	0.735	0.768	0.839	0.928	1.046	1.102	1.232	1.27	1.293	1.332
21.682	0.714	0.702	0.703	0.699	0.691	0.693	0.7	0.694	0.699	0.706	0.699	0.704	0.718	0.714	0.736	0.771	0.839	0.927	1.045	1.101	1.233	1.271	1.29	1.332
21.875	0.714	0.704	0.703	0.699	0.69	0.696	0.7	0.694	0.702	0.708	0.7	0.703	0.719	0.713	0.735	0.772	0.839	0.925	1.044	1.102	1.231	1.27	1.291	1.331
21.886	0.716	0.703	0.703	0.698	0.689	0.696	0.701	0.696	0.698	0.707	0.697	0.702	0.718	0.712	0.734	0.768	0.837	0.927	1.047	1.1	1.232	1.273	1.29	1.331
22.09	0.716	0.705	0.703	0.699	0.69	0.695	0.7	0.694	0.7	0.707	0.699	0.704	0.717	0.713	0.735	0.766	0.836	0.926	1.047	1.1	1.233	1.27	1.288	1.333
22.102	0.714	0.705	0.703	0.699	0.689	0.694	0.7	0.694	0.701	0.707	0.697	0.701	0.719	0.712	0.735	0.766	0.84	0.927	1.045	1.098	1.232	1.269	1.292	1.33
22.302	0.714	0.702	0.703	0.698	0.689	0.693	0.7	0.696	0.699	0.708	0.698	0.704	0.717	0.713	0.736	0.768	0.839	0.926	1.046	1.098	1.231	1.265	1.289	1.328
22.314	0.714	0.702	0.702	0.699	0.689	0.695	0.7	0.693	0.7	0.707	0.697	0.703	0.718	0.709	0.735	0.767	0.837	0.926	1.046	1.1	1.231	1.271	1.289	1.334
22.534	0.713	0.704	0.701	0.697	0.687	0.695	0.7	0.695	0.699	0.707	0.698	0.703	0.717	0.713	0.733	0.767	0.839	0.926	1.045	1.102	1.23	1.269	1.29	1.33
22.546	0.715	0.705	0.702	0.698	0.688	0.694	0.701	0.695	0.7	0.707	0.695	0.702	0.715	0.712	0.733	0.767	0.836	0.924	1.046	1.1	1.23	1.27	1.288	1.332
22.75	0.712	0.704	0.702	0.699	0.688	0.693	0.699	0.694	0.7	0.706	0.698	0.703	0.717	0.713	0.735	0.764	0.835	0.925	1.045	1.099	1.23	1.269	1.29	1.332
22.762	0.713	0.702	0.703	0.697	0.688	0.695	0.701	0.695	0.699	0.708	0.696	0.701	0.716	0.712	0.733	0.766	0.838	0.923	1.042	1.098	1.228	1.269	1.288	1.331
22.973	0.714	0.701	0.7	0.697	0.687	0.696	0.7	0.691	0.701	0.705	0.698	0.702	0.717	0.711	0.732	0.765	0.838	0.926	1.044	1.098	1.23	1.271	1.291	1.33
22.985	0.713	0.704	0.702	0.696	0.687	0.695	0.703	0.693	0.7	0.707	0.698	0.702	0.716	0.71	0.731	0.765	0.837	0.923	1.045	1.099	1.228	1.267	1.289	1.334
23.189	0.713	0.705	0.702	0.698	0.69	0.692	0.7	0.692	0.699	0.706	0.697	0.702	0.716	0.711	0.731	0.767	0.837	0.924	1.042	1.099	1.229	1.267	1.29	1.329
23.2	0.713	0.703	0.704	0.699	0.686	0.695	0.699	0.695	0.699	0.705	0.698	0.702	0.718	0.711	0.733	0.766	0.835	0.923	1.044	1.1	1.23	1.267	1.291	1.327
23.409	0.713	0.701	0.7	0.697	0.689	0.695	0.699	0.693	0.698	0.707	0.697	0.7	0.715	0.71	0.733	0.764	0.833	0.925	1.044	1.098	1.23	1.268	1.291	1.334
23.42	0.712	0.702	0.701	0.7	0.69	0.695	0.699	0.693	0.699	0.705	0.697	0.701	0.715	0.711	0.733	0.764	0.835	0.921	1.044	1.1	1.227	1.269	1.29	1.329
23.628	0.714	0.702	0.702	0.697	0.685	0.694	0.701	0.694	0.698	0.708	0.696	0.703	0.717	0.71	0.731	0.766	0.837	0.925	1.044	1.095	1.227	1.266	1.289	1.331
23.64	0.714	0.704	0.703	0.699	0.688	0.695	0.699	0.692	0.7	0.706	0.695	0.701	0.717	0.711	0.732	0.764	0.833	0.923	1.043	1.095	1.228	1.267	1.287	1.333
23.848	0.713	0.701	0.702	0.696	0.686	0.693	0.697	0.692	0.7	0.706	0.697	0.702	0.718	0.709	0.732	0.763	0.836	0.923	1.042	1.098	1.227	1.269	1.285	1.329
23.86	0.712	0.701	0.701	0.698	0.685	0.695	0.701	0.694	0.697	0.704	0.698	0.699	0.712	0.707	0.73	0.765	0.836	0.922	1.041	1.099	1.227	1.267	1.288	1.331
24.066	0.712	0.702	0.701	0.697	0.688	0.692	0.699	0.693	0.698	0.706	0.696	0.701	0.717	0.711	0.732	0.764	0.834	0.923	1.04	1.098	1.226	1.265	1.291	1.333
24.077	0.713	0.702	0.701	0.699	0.687	0.694	0.699	0.692	0.698	0.706	0.697	0.701	0.716	0.71	0.732	0.765	0.833	0.922	1.04	1.094	1.227	1.266	1.287	1.332
24.286	0.713	0.702	0.7	0.696	0.687	0.696	0.7	0.69	0.698	0.706	0.695	0.7	0.715	0.711	0.729	0.763	0.835	0.923	1.041	1.096	1.227	1.265	1.288	1.328
24.298	0.712	0.703	0.701	0.696	0.687	0.694	0.698	0.692	0.697	0.707	0.695	0.7	0.715	0.708	0.729	0.764	0.833	0.919	1.041	1.097	1.229	1.265	1.293	1.329
24.501	0.712	0.702	0.699	0.698	0.687	0.693	0.699	0.692	0.698	0.705	0.696	0.701	0.714	0.708	0.731	0.762	0.833	0.92	1.042	1.095	1.228	1.267	1.285	1.332
24.513	0.714	0.7	0.701	0.7	0.687	0.694	0.699	0.693	0.698	0.707	0.696	0.701	0.715	0.71	0.73	0.762	0.833	0.921	1.04	1.096	1.23	1.267	1.286	1.331
24.722	0.714	0.701	0.701	0.697	0.686	0.695	0.698	0.692	0.697	0.705	0.695	0.699	0.715	0.71	0.73	0.762	0.834	0.92	1.039	1.096	1.223	1.263	1.286	1.33
24.734	0.713	0.702	0.702	0.695	0.687	0.693	0.7	0.693	0.699	0.703	0.694	0.698	0.714	0.71	0.73	0.765	0.833	0.92	1.038	1.095	1.223	1.264	1.287	1.329
24.941	0.713	0.704	0.701	0.697	0.687	0.693	0.7	0.693	0.698	0.705	0.695	0.7	0.715	0.708	0.731	0.764	0.832	0.919	1.039	1.095	1.227	1.265	1.286	1.33
24.954	0.714	0.702	0.7	0.696	0.686	0.693	0.698	0.692	0.696	0.705	0.695	0.698	0.716	0.71	0.729	0.763	0.831	0.919	1.039	1.092	1.226	1.265	1.287	1.33
25.162	0.712	0.701	0.7	0.696	0.685	0.693	0.697	0.691	0.697	0.702	0.694	0.7	0.714	0.708	0.729	0.764	0.833	0.92	1.041	1.094	1.226	1.265	1.288	1.328
25.174	0.712	0.7	0.702	0.698	0.687	0.693	0.699	0.69	0.696	0.704	0.696	0.7	0.712	0.707	0.732	0.76	0.833	0.919	1.04	1.095	1.226	1.263	1.285	1.33
25.378	0.713	0.702	0.699	0.696	0.685	0.695	0.699	0.691	0.698	0.705	0.693	0.699	0.713	0.709	0.728	0.763	0.831	0.92	1.037	1.093	1.224	1.264	1.284	1.333
25.389	0.714	0.701	0.7	0.696	0.688	0.692	0.7	0.693	0.696	0.705	0.696	0.698	0.712	0.708	0.728	0.761	0.831	0.919	1.036	1.093	1.225	1.263	1.285	1.33
25.596	0.71	0.701	0.7	0.696	0.687	0.694	0.697	0.689	0.695	0.704	0.694	0.7	0.715	0.707	0.731	0.762	0.831	0.92	1.04	1.092	1.225	1.262	1.287	1.33
25.618	0.712	0.702	0.701	0.696	0.687	0.694	0.699	0.69	0.696	0.702	0.692	0.698	0.713	0.709	0.73	0.762	0.832	0.917	1.04	1.094	1.225	1.262	1.285	1.327
25.825	0.712	0.702	0.701	0.694	0.685	0.694	0.7	0.693	0.696	0.704	0.694	0.7	0.712	0.708	0.731	0.761	0.832	0.919	1.035	1.091	1.225	1.264	1.286	1.329
25.836	0.713	0.701	0.699	0.696	0.686	0.694	0.698	0.688	0.697	0.703	0.694	0.697	0.712	0.707	0.729	0.761	0.829	0.918	1.038	1.091	1.224	1.262	1.287	1.329
26.038	0.711	0.7	0.699	0.696	0.684	0.693	0.697	0.692	0.697	0.703	0.695	0.699	0.712	0.707	0.73	0.76	0.831	0.918	1.035	1.091	1.223	1.262	1.286	1.329
26.058	0.711	0.702	0.697	0.696	0.686	0.696	0.701	0.693	0.695	0.703	0.695	0.698	0.712	0.707	0.728	0.761	0.827	0.915	1.037	1.092	1.226	1.263	1.287	1.329
26.262	0.713	0.702	0.701	0.695	0.687	0.695	0.701	0.69	0.695	0.702	0.694	0.699	0.713	0.709	0.726	0.76	0.83	0.919	1.036	1.089	1.224	1.262	1.284	1.329
26.274	0.714	0.703	0.7	0.695	0.687	0.697	0.698	0.689	0.696	0.702	0.692	0.699	0.713	0.706	0.728	0.761	0.829	0.916	1.039	1.091	1.223	1.262	1.282	1.328
26.486	0.711	0.699	0.698	0.696	0.686	0.696	0.698	0.691	0.696	0.701	0.693	0.697	0.712	0.706	0.727	0.759	0.829	0.917	1.036	1.091	1.223	1.261	1.284	1.328
26.498	0.711	0.7	0.7	0.695	0.685	0.697	0.698	0.693	0.696	0.703	0.694	0.698	0.711	0.707	0.727	0.759	0.829	0.914	1.035	1.094	1.221	1.259	1.285	1.329
26.707	0.713	0.699	0.697	0.697	0.688	0.696	0.699	0.692	0.697	0.703	0.695	0.696	0.711	0.707	0.728	0.759	0.829	0.912	1.039	1.091	1.222	1.261	1.286	1.33
26.719	0.713	0.7	0.7	0.696	0.685	0.696	0.699	0.69	0.696	0.704	0.692	0.698	0.713	0.706	0.726	0.759	0.827	0.913	1.036	1.09	1.219	1.262	1.283	1.328
26.926	0.71	0.702	0.697	0.695	0.684	0.695	0.698	0.69	0.695	0.703	0.694	0.7	0.714	0.704	0.728	0.758	0.83	0.916	1.034	1.088	1.22	1.26	1.283	1.327
26.938	0.712	0.702	0.7	0.697	0.683	0.696	0.698	0.69	0.694	0.704	0.692	0.697	0.711	0.705	0.726	0.757	0.828	0.916	1.035	1.091	1.221	1.26	1.28	1.327
27.143	0.712	0.699	0.698	0.696	0.687	0.694	0.697	0.689	0.694	0.704	0.694	0.697	0.712	0.705	0.725	0.76	0.829	0.914	1.036	1.086	1.221	1.262	1.285	1.328
27.154	0.71	0.702	0.7	0.695	0.686	0.7	0.697	0.689	0.693	0.704	0.693	0.695	0.712	0.706	0.728	0.759	0.827	0.912	1.031	1.091	1.222	1.26	1.282	1.33
27.365	0.712	0.701	0.7	0.696	0.685	0.694	0.699	0.687	0.693	0.701	0.693	0.699	0.713	0.706	0.725	0.759	0.829	0.914	1.033	1.089	1.223	1.261	1.284	1.328
27.376	0.711	0.7	0.698	0.694	0.685	0.695	0.7	0.691	0.693	0.703	0.689	0.696	0.71	0.707	0.726	0.759	0.827	0.913	1.033	1.088	1.224	1.262	1.281	1.327
27.582	0.71	0.7	0.696	0.695	0.685	0.695	0.698	0.691	0.697	0.703	0.691	0.699	0.712	0.706	0.726	0.759	0.827	0.916	1.031	1.088	1.222	1.26	1.282	1.328
27.593	0.712	0.701	0.697	0.696	0.683	0.697	0.699	0.689	0.694	0.701	0.693	0.697	0.711	0.705	0.725	0.758	0.826	0.911	1.031	1.088	1.219	1.262	1.282	1.328
27.804	0.711	0.699	0.699	0.695	0.684	0.696	0.699	0.689	0.696	0.702	0.693	0.698	0.712	0.705	0.728	0.76	0.824	0.914	1.03	1.087	1.222	1.259	1.285	1.329
27.816	0.712	0.699	0.699	0.695	0.684	0.697	0.7	0.69	0.693	0.702	0.691	0.696	0.71	0.703	0.725	0.757	0.825	0.912	1.031	1.086	1.222	1.26	1.282	1.326
28.03	0.711	0.7	0.699	0.694	0.683	0.697	0.697	0.69	0.695	0.701	0.689	0.696	0.713	0.705	0.725	0.759	0.824	0.912	1.032	1.09	1.22	1.262	1.284	1.33
28.041	0.711	0.7	0.698	0.695	0.685	0.695	0.697	0.689	0.696	0.701	0.692	0.697	0.709	0.706	0.726	0.757	0.828	0.91	1.031	1.084	1.22	1.26	1.279	1.327
28.246	0.711	0.7	0.697	0.695	0.686	0.695	0.696	0.689	0.695	0.7	0.689	0.698	0.709	0.706	0.726	0.755	0.825	0.91	1.031	1.088	1.221	1.257	1.284	1.329
28.258	0.711	0.698	0.699	0.694	0.685	0.696	0.699	0.688	0.693	0.701	0.691	0.698	0.71	0.704	0.725	0.759	0.827	0.908	1.03	1.085	1.22	1.26	1.28	1.328
28.467	0.71	0.698	0.701	0.694	0.684	0.695	0.697	0.69	0.694	0.702	0.692	0.696	0.711	0.704	0.725	0.757	0.825	0.912	1.029	1.087	1.221	1.259	1.283	1.326
28.479	0.71	0.701	0.698	0.694	0.685	0.697	0.699	0.689	0.694	0.7	0.689	0.697	0.712	0.705	0.726	0.756	0.824	0.908	1.03	1.086	1.22	1.258	1.282	1.324
28.693	0.709	0.7	0.699	0.696	0.683	0.694	0.697	0.688	0.695	0.703	0.692	0.694	0.709	0.706	0.723	0.757	0.824	0.91	1.03	1.085	1.22	1.258	1.282	1.325
28.705	0.711	0.7	0.7	0.695	0.685	0.695	0.697	0.689	0.694	0.699	0.694	0.695	0.709	0.706	0.724	0.758	0.824	0.908	1.03	1.083	1.218	1.258	1.28	1.327
28.912	0.711	0.7	0.696	0.692	0.684	0.693	0.699	0.688	0.694	0.701	0.692	0.697	0.712	0.705	0.724	0.757	0.823	0.909	1.03	1.087	1.219	1.257	1.282	1.328
28.924	0.71	0.699	0.697	0.695	0.682	0.697	0.697	0.689	0.691	0.701	0.691	0.698	0.71	0.704	0.723	0.756	0.824	0.907	1.027	1.082	1.216	1.258	1.279	1.328
29.128	0.712	0.698	0.696	0.693	0.682	0.693	0.698	0.688	0.693	0.703	0.692	0.695	0.71	0.703	0.724	0.755	0.823	0.907	1.029	1.082	1.215	1.258	1.279	1.328
29.14	0.711	0.699	0.697	0.695	0.681	0.695	0.698	0.689	0.694	0.7	0.692	0.695	0.709	0.703	0.723	0.754	0.823	0.907	1.031	1.083	1.216	1.259	1.283	1.328
29.35	0.709	0.698	0.696	0.694	0.681	0.693	0.697	0.688	0.693	0.701	0.69	0.695	0.708	0.703	0.723	0.753	0.823	0.908	1.026	1.086	1.219	1.257	1.278	1.323
29.361	0.71	0.698	0.698	0.691	0.684	0.695	0.697	0.688	0.693	0.7	0.689	0.695	0.71	0.704	0.723	0.756	0.822	0.907	1.027	1.082	1.218	1.257	1.281	1.329
29.568	0.711	0.699	0.698	0.693	0.682	0.693	0.697	0.688	0.693	0.701	0.691	0.696	0.709	0.703	0.723	0.757	0.822	0.904	1.028	1.083	1.217	1.256	1.281	1.326
29.58	0.712	0.7	0.697	0.693	0.682	0.696	0.699	0.687	0.693	0.701	0.69	0.696	0.711	0.704	0.725	0.756	0.822	0.907	1.028	1.083	1.218	1.257	1.278	1.326
29.785	0.71	0.699	0.697	0.692	0.683	0.693	0.697	0.689	0.693	0.699	0.691	0.695	0.71	0.702	0.723	0.752	0.823	0.909	1.024	1.083	1.217	1.256	1.278	1.326
29.797	0.711	0.698	0.696	0.694	0.684	0.696	0.699	0.688	0.69	0.7	0.69	0.694	0.71	0.706	0.723	0.756	0.821	0.905	1.027	1.083	1.218	1.254	1.278	1.327
30.006	0.709	0.697	0.696	0.694	0.683	0.693	0.696	0.686	0.692	0.701	0.689	0.695	0.709	0.704	0.721	0.754	0.82	0.908	1.025	1.082	1.216	1.257	1.279	1.326
30.019	0.71	0.698	0.697	0.693	0.682	0.695	0.698	0.688	0.691	0.698	0.691	0.695	0.709	0.704	0.723	0.755	0.823	0.905	1.028	1.079	1.217	1.258	1.278	1.324
30.224	0.711	0.697	0.697	0.693	0.683	0.696	0.697	0.686	0.692	0.7	0.689	0.695	0.707	0.704	0.721	0.756	0.821	0.905	1.026	1.079	1.217	1.255	1.276	1.326
30.235	0.71	0.698	0.698	0.694	0.682	0.693	0.696	0.687	0.693	0.7	0.687	0.693	0.708	0.702	0.721	0.754	0.821	0.907	1.027	1.078	1.216	1.255	1.277	1.327
30.443	0.711	0.698	0.696	0.694	0.683	0.694	0.697	0.686	0.693	0.698	0.689	0.694	0.708	0.702	0.722	0.754	0.818	0.905	1.027	1.081	1.215	1.257	1.278	1.327
30.462	0.71	0.699	0.696	0.693	0.681	0.692	0.698	0.686	0.693	0.7	0.687	0.693	0.708	0.704	0.723	0.752	0.819	0.904	1.026	1.08	1.218	1.255	1.279	1.326
30.67	0.709	0.701	0.697	0.692	0.68	0.692	0.697	0.689	0.693	0.7	0.69	0.693	0.707	0.702	0.722	0.754	0.817	0.903	1.026	1.08	1.216	1.257	1.275	1.326
30.682	0.709	0.696	0.696	0.692	0.684	0.693	0.696	0.689	0.692	0.698	0.689	0.695	0.707	0.7	0.722	0.753	0.816	0.901	1.024	1.076	1.214	1.253	1.279	1.327
30.888	0.709	0.697	0.698	0.693	0.682	0.691	0.694	0.688	0.692	0.7	0.689	0.692	0.708	0.703	0.721	0.751	0.818	0.904	1.023	1.081	1.217	1.253	1.278	1.323
30.9	0.713	0.697	0.695	0.691	0.681	0.696	0.699	0.687	0.689	0.699	0.69	0.694	0.705	0.702	0.723	0.753	0.818	0.903	1.023	1.077	1.215	1.254	1.281	1.323
31.107	0.708	0.697	0.697	0.692	0.68	0.691	0.696	0.687	0.688	0.698	0.689	0.692	0.708	0.704	0.72	0.752	0.819	0.903	1.024	1.081	1.214	1.253	1.279	1.324
31.118	0.71	0.699	0.696	0.692	0.681	0.694	0.696	0.688	0.691	0.701	0.689	0.696	0.709	0.703	0.721	0.753	0.817	0.903	1.02	1.079	1.215	1.254	1.281	1.326
31.334	0.711	0.697	0.696	0.693	0.681	0.694	0.696	0.687	0.69	0.699	0.688	0.692	0.706	0.7	0.719	0.751	0.819	0.902	1.024	1.077	1.215	1.255	1.275	1.325
31.345	0.71	0.697	0.696	0.692	0.681	0.695	0.697	0.687	0.691	0.698	0.688	0.694	0.707	0.701	0.72	0.752	0.819	0.904	1.022	1.076	1.215	1.254	1.275	1.327
31.554	0.711	0.696	0.696	0.691	0.68	0.694	0.698	0.687	0.69	0.699	0.689	0.692	0.706	0.701	0.722	0.752	0.818	0.905	1.024	1.077	1.216	1.253	1.279	1.326
31.566	0.708	0.698	0.696	0.693	0.682	0.697	0.698	0.686	0.689	0.697	0.69	0.693	0.709	0.701	0.72	0.753	0.817	0.902	1.02	1.076	1.212	1.254	1.277	1.324
31.77	0.711	0.698	0.695	0.692	0.68	0.694	0.696	0.686	0.691	0.698	0.688	0.692	0.707	0.701	0.719	0.752	0.819	0.9	1.024	1.076	1.212	1.253	1.276	1.324
31.782	0.708	0.697	0.695	0.692	0.682	0.693	0.698	0.686	0.692	0.698	0.689	0.694	0.707	0.7	0.719	0.751	0.814	0.899	1.022	1.079	1.213	1.251	1.275	1.325
31.991	0.711	0.695	0.696	0.694	0.679	0.695	0.697	0.685	0.692	0.7	0.687	0.694	0.706	0.698	0.72	0.749	0.817	0.904	1.019	1.075	1.214	1.25	1.279	1.323
32.003	0.709	0.697	0.695	0.691	0.683	0.693	0.695	0.686	0.69	0.698	0.688	0.692	0.707	0.7	0.719	0.751	0.817	0.898	1.021	1.077	1.213	1.252	1.275	1.325
32.207	0.708	0.695	0.696	0.691	0.68	0.695	0.696	0.686	0.691	0.699	0.688	0.69	0.707	0.698	0.72	0.751	0.816	0.9	1.02	1.076	1.212	1.253	1.276	1.326
32.218	0.711	0.697	0.694	0.692	0.68	0.695	0.698	0.684	0.692	0.699	0.688	0.693	0.704	0.7	0.718	0.751	0.816	0.897	1.021	1.078	1.213	1.251	1.276	1.325
32.432	0.708	0.697	0.695	0.691	0.679	0.693	0.697	0.685	0.691	0.701	0.686	0.692	0.704	0.701	0.718	0.749	0.816	0.902	1.019	1.074	1.212	1.251	1.276	1.324
32.443	0.711	0.696	0.694	0.692	0.681	0.695	0.694	0.686	0.691	0.697	0.685	0.691	0.707	0.701	0.718	0.751	0.814	0.899	1.019	1.074	1.209	1.249	1.277	1.328
32.647	0.71	0.697	0.695	0.692	0.68	0.694	0.694	0.686	0.691	0.698	0.686	0.691	0.706	0.697	0.719	0.749	0.816	0.9	1.021	1.073	1.209	1.249	1.275	1.321
32.659	0.709	0.695	0.695	0.691	0.681	0.693	0.697	0.686	0.692	0.698	0.688	0.693	0.705	0.7	0.719	0.75	0.814	0.9	1.021	1.075	1.214	1.253	1.275	1.321
32.867	0.707	0.698	0.694	0.692	0.683	0.69	0.693	0.686	0.691	0.696	0.689	0.69	0.704	0.698	0.718	0.751	0.815	0.899	1.02	1.071	1.211	1.252	1.274	1.323
32.887	0.707	0.696	0.696	0.693	0.678	0.695	0.696	0.685	0.689	0.698	0.686	0.691	0.705	0.699	0.717	0.752	0.813	0.898	1.019	1.076	1.212	1.25	1.273	1.322
33.091	0.711	0.698	0.695	0.69	0.679	0.691	0.693	0.686	0.689	0.696	0.688	0.693	0.705	0.699	0.717	0.747	0.815	0.9	1.019	1.075	1.211	1.25	1.273	1.324
33.103	0.708	0.696	0.694	0.69	0.678	0.693	0.696	0.685	0.689	0.698	0.688	0.692	0.705	0.698	0.72	0.748	0.812	0.898	1.017	1.071	1.209	1.25	1.272	1.321
33.311	0.71	0.696	0.695	0.692	0.679	0.692	0.696	0.683	0.691	0.697	0.688	0.691	0.704	0.699	0.716	0.749	0.818	0.898	1.021	1.071	1.213	1.25	1.274	1.321
33.322	0.71	0.698	0.695	0.689	0.68	0.692	0.694	0.685	0.69	0.698	0.687	0.693	0.704	0.701	0.716	0.748	0.816	0.897	1.018	1.071	1.21	1.249	1.272	1.322
33.531	0.709	0.696	0.695	0.691	0.68	0.692	0.696	0.686	0.689	0.697	0.687	0.691	0.706	0.699	0.716	0.747	0.813	0.897	1.017	1.073	1.21	1.248	1.274	1.323
33.542	0.708	0.697	0.697	0.691	0.68	0.694	0.697	0.685	0.689	0.696	0.69	0.69	0.706	0.699	0.717	0.748	0.812	0.893	1.02	1.072	1.211	1.248	1.275	1.322
33.747	0.709	0.697	0.696	0.689	0.679	0.69	0.696	0.683	0.688	0.697	0.686	0.69	0.704	0.7	0.719	0.751	0.813	0.898	1.017	1.073	1.206	1.251	1.276	1.322
33.758	0.71	0.695	0.693	0.692	0.68	0.694	0.694	0.683	0.69	0.697	0.686	0.691	0.705	0.699	0.716	0.746	0.811	0.896	1.017	1.071	1.21	1.246	1.274	1.323
33.967	0.709	0.696	0.695	0.69	0.678	0.691	0.695	0.685	0.69	0.696	0.686	0.691	0.705	0.699	0.717	0.747	0.813	0.897	1.015	1.071	1.207	1.246	1.273	1.322
33.978	0.707	0.696	0.694	0.689	0.68	0.692	0.695	0.684	0.689	0.695	0.687	0.692	0.703	0.697	0.716	0.745	0.811	0.896	1.014	1.069	1.21	1.247	1.273	1.322
34.188	0.707	0.695	0.695	0.69	0.68	0.69	0.695	0.685	0.688	0.695	0.687	0.689	0.703	0.699	0.716	0.747	0.811	0.895	1.017	1.072	1.208	1.246	1.272	1.325
34.199	0.708	0.696	0.693	0.691	0.68	0.694	0.695	0.685	0.688	0.698	0.686	0.691	0.704	0.698	0.716	0.746	0.814	0.892	1.015	1.071	1.21	1.249	1.273	1.32
34.404	0.709	0.695	0.693	0.69	0.679	0.691	0.693	0.685	0.688	0.697	0.684	0.689	0.704	0.697	0.716	0.747	0.812	0.896	1.015	1.069	1.205	1.248	1.274	1.322
34.419	0.708	0.696	0.692	0.69	0.679	0.694	0.695	0.683	0.687	0.696	0.685	0.691	0.704	0.698	0.715	0.747	0.81	0.894	1.016	1.069	1.206	1.245	1.274	1.325
34.625	0.708	0.696	0.694	0.691	0.676	0.692	0.697	0.683	0.687	0.697	0.685	0.69	0.703	0.699	0.718	0.748	0.813	0.896	1.012	1.07	1.208	1.247	1.273	1.32
34.637	0.709	0.697	0.694	0.69	0.678	0.692	0.694	0.684	0.686	0.697	0.686	0.688	0.705	0.698	0.716	0.746	0.813	0.892	1.015	1.071	1.21	1.246	1.272	1.324
34.843	0.708	0.696	0.696	0.688	0.679	0.693	0.695	0.685	0.691	0.695	0.686	0.689	0.704	0.699	0.716	0.747	0.812	0.896	1.017	1.068	1.205	1.248	1.274	1.322
34.856	0.706	0.696	0.695	0.691	0.678	0.694	0.693	0.685	0.689	0.695	0.685	0.689	0.702	0.698	0.716	0.745	0.809	0.893	1.009	1.067	1.208	1.243	1.271	1.321
35.061	0.708	0.695	0.694	0.688	0.679	0.691	0.695	0.682	0.687	0.695	0.686	0.69	0.704	0.697	0.714	0.745	0.81	0.892	1.011	1.068	1.205	1.245	1.272	1.322
35.072	0.706	0.697	0.694	0.69	0.679	0.69	0.694	0.684	0.686	0.695	0.686	0.691	0.703	0.697	0.714	0.745	0.81	0.891	1.011	1.069	1.206	1.252	1.272	1.322
35.28	0.707	0.693	0.693	0.688	0.678	0.692	0.694	0.683	0.69	0.696	0.684	0.69	0.705	0.697	0.714	0.746	0.807	0.892	1.013	1.069	1.206	1.247	1.273	1.318
35.293	0.708	0.694	0.694	0.689	0.679	0.693	0.693	0.684	0.688	0.697	0.686	0.689	0.702	0.696	0.715	0.747	0.808	0.893	1.009	1.069	1.205	1.245	1.274	1.318
35.501	0.707	0.693	0.693	0.69	0.677	0.692	0.694	0.684	0.69	0.696	0.686	0.688	0.702	0.697	0.714	0.746	0.812	0.89	1.013	1.064	1.205	1.249	1.271	1.321
35.513	0.707	0.694	0.693	0.692	0.678	0.691	0.694	0.684	0.69	0.696	0.688	0.691	0.704	0.695	0.716	0.745	0.809	0.887	1.01	1.067	1.206	1.247	1.27	1.32
35.718	0.709	0.695	0.695	0.689	0.679	0.692	0.694	0.685	0.688	0.696	0.687	0.69	0.704	0.695	0.712	0.744	0.809	0.895	1.013	1.068	1.204	1.247	1.271	1.321
35.731	0.707	0.693	0.691	0.691	0.678	0.691	0.695	0.685	0.688	0.695	0.683	0.687	0.704	0.699	0.717	0.746	0.808	0.887	1.01	1.065	1.207	1.245	1.27	1.322
35.937	0.708	0.693	0.691	0.691	0.677	0.688	0.694	0.684	0.688	0.696	0.684	0.69	0.703	0.696	0.714	0.747	0.809	0.892	1.01	1.067	1.207	1.245	1.272	1.319
35.949	0.708	0.696	0.694	0.691	0.679	0.687	0.695	0.683	0.686	0.695	0.683	0.689	0.702	0.697	0.714	0.744	0.808	0.889	1.011	1.066	1.204	1.247	1.27	1.319
36.157	0.705	0.695	0.695	0.691	0.679	0.689	0.695	0.683	0.688	0.696	0.685	0.688	0.699	0.697	0.715	0.743	0.808	0.89	1.005	1.065	1.207	1.245	1.266	1.32
36.168	0.708	0.696	0.693	0.689	0.679	0.691	0.696	0.683	0.688	0.695	0.683	0.689	0.703	0.698	0.714	0.745	0.807	0.889	1.008	1.065	1.207	1.245	1.272	1.32
36.374	0.706	0.695	0.694	0.691	0.678	0.693	0.693	0.684	0.689	0.695	0.685	0.687	0.7	0.697	0.714	0.742	0.807	0.888	1.008	1.065	1.204	1.242	1.267	1.319
36.385	0.706	0.695	0.694	0.69	0.678	0.692	0.694	0.681	0.684	0.693	0.686	0.69	0.701	0.697	0.713	0.743	0.805	0.89	1.005	1.063	1.204	1.247	1.268	1.322
36.595	0.707	0.694	0.694	0.689	0.68	0.692	0.695	0.683	0.687	0.695	0.682	0.689	0.701	0.696	0.716	0.743	0.806	0.889	1.012	1.063	1.203	1.242	1.271	1.322
36.615	0.708	0.695	0.694	0.689	0.678	0.691	0.695	0.683	0.686	0.694	0.684	0.687	0.7	0.694	0.715	0.746	0.807	0.886	1.008	1.064	1.203	1.244	1.269	1.319
36.821	0.706	0.694	0.693	0.689	0.678	0.69	0.693	0.681	0.686	0.694	0.683	0.687	0.702	0.696	0.715	0.743	0.805	0.889	1.008	1.063	1.204	1.243	1.269	1.317
36.833	0.707	0.695	0.691	0.689	0.68	0.692	0.695	0.682	0.688	0.694	0.684	0.688	0.702	0.697	0.712	0.744	0.804	0.884	1.006	1.063	1.206	1.243	1.265	1.321
37.042	0.705	0.694	0.693	0.689	0.677	0.693	0.692	0.68	0.687	0.693	0.683	0.688	0.702	0.697	0.714	0.742	0.805	0.888	1.006	1.064	1.203	1.244	1.271	1.32
37.053	0.707	0.694	0.692	0.688	0.679	0.694	0.693	0.684	0.686	0.692	0.681	0.689	0.701	0.696	0.711	0.742	0.805	0.886	1.008	1.06	1.202	1.241	1.27	1.32
37.257	0.706	0.693	0.69	0.69	0.676	0.691	0.691	0.682	0.687	0.693	0.683	0.688	0.7	0.695	0.713	0.741	0.803	0.89	1.004	1.06	1.201	1.241	1.268	1.321
37.269	0.707	0.696	0.692	0.688	0.677	0.692	0.692	0.683	0.685	0.693	0.682	0.685	0.701	0.695	0.71	0.742	0.807	0.889	1.007	1.061	1.203	1.242	1.269	1.319
37.478	0.707	0.694	0.693	0.688	0.679	0.691	0.695	0.684	0.688	0.694	0.683	0.686	0.704	0.695	0.712	0.741	0.803	0.886	1.006	1.061	1.202	1.242	1.268	1.32
37.489	0.706	0.696	0.691	0.691	0.678	0.692	0.693	0.682	0.685	0.693	0.682	0.686	0.702	0.695	0.713	0.744	0.804	0.886	1.006	1.063	1.203	1.242	1.269	1.318
37.696	0.706	0.694	0.691	0.687	0.676	0.69	0.694	0.68	0.685	0.694	0.682	0.687	0.702	0.694	0.711	0.741	0.803	0.886	1.005	1.059	1.199	1.243	1.268	1.319
37.708	0.704	0.694	0.69	0.688	0.678	0.691	0.692	0.682	0.684	0.692	0.684	0.688	0.7	0.696	0.713	0.744	0.802	0.881	1.002	1.059	1.2	1.241	1.27	1.316
37.914	0.708	0.694	0.691	0.687	0.676	0.69	0.695	0.683	0.685	0.693	0.684	0.686	0.7	0.694	0.711	0.743	0.802	0.885	1.006	1.057	1.201	1.24	1.27	1.317
37.926	0.703	0.692	0.689	0.689	0.678	0.689	0.693	0.681	0.685	0.695	0.681	0.687	0.7	0.697	0.709	0.744	0.802	0.885	1.004	1.06	1.202	1.242	1.266	1.321
38.133	0.706	0.692	0.691	0.687	0.676	0.69	0.69	0.68	0.686	0.693	0.682	0.686	0.701	0.694	0.712	0.74	0.803	0.884	1.002	1.061	1.2	1.239	1.269	1.317
38.145	0.705	0.693	0.692	0.688	0.677	0.69	0.692	0.682	0.688	0.695	0.682	0.686	0.701	0.694	0.711	0.74	0.803	0.883	1.001	1.059	1.201	1.242	1.266	1.316
38.348	0.706	0.692	0.69	0.686	0.678	0.69	0.693	0.681	0.686	0.695	0.682	0.687	0.699	0.696	0.71	0.739	0.801	0.881	1.003	1.056	1.199	1.241	1.267	1.317
38.36	0.707	0.693	0.694	0.689	0.677	0.689	0.693	0.681	0.684	0.692	0.68	0.687	0.7	0.693	0.712	0.741	0.803	0.881	1	1.056	1.2	1.24	1.265	1.316
38.572	0.707	0.693	0.691	0.688	0.675	0.692	0.69	0.682	0.686	0.694	0.684	0.686	0.699	0.694	0.711	0.739	0.804	0.881	1.003	1.055	1.199	1.24	1.265	1.322
38.584	0.706	0.69	0.69	0.687	0.676	0.691	0.691	0.682	0.684	0.692	0.682	0.684	0.699	0.693	0.711	0.739	0.801	0.881	1.002	1.058	1.199	1.238	1.267	1.32
38.789	0.705	0.695	0.69	0.687	0.674	0.692	0.691	0.681	0.685	0.695	0.683	0.686	0.699	0.693	0.713	0.739	0.801	0.88	0.999	1.06	1.196	1.239	1.268	1.318
38.801	0.704	0.693	0.691	0.688	0.676	0.691	0.692	0.681	0.686	0.694	0.681	0.683	0.698	0.692	0.71	0.738	0.798	0.878	0.999	1.056	1.199	1.24	1.267	1.315
39.006	0.708	0.692	0.691	0.687	0.676	0.691	0.693	0.68	0.686	0.693	0.681	0.687	0.698	0.693	0.709	0.738	0.802	0.879	1.002	1.055	1.198	1.239	1.265	1.32
39.018	0.705	0.692	0.692	0.686	0.677	0.69	0.692	0.68	0.687	0.695	0.682	0.685	0.7	0.691	0.71	0.739	0.8	0.877	1.001	1.055	1.195	1.242	1.264	1.316
39.227	0.704	0.694	0.691	0.687	0.676	0.687	0.694	0.679	0.684	0.694	0.679	0.685	0.698	0.694	0.711	0.739	0.803	0.88	0.998	1.056	1.197	1.241	1.265	1.32
39.24	0.707	0.692	0.69	0.689	0.675	0.69	0.692	0.681	0.685	0.691	0.683	0.688	0.701	0.694	0.709	0.738	0.8	0.881	0.999	1.056	1.197	1.239	1.264	1.32
39.448	0.706	0.695	0.69	0.688	0.677	0.69	0.695	0.682	0.685	0.692	0.682	0.688	0.701	0.693	0.71	0.738	0.8	0.877	0.999	1.054	1.202	1.24	1.268	1.319
39.459	0.704	0.692	0.692	0.687	0.676	0.691	0.692	0.679	0.683	0.694	0.681	0.686	0.698	0.694	0.711	0.739	0.801	0.879	1	1.057	1.197	1.239	1.265	1.317
39.664	0.706	0.691	0.693	0.688	0.676	0.689	0.693	0.679	0.685	0.689	0.681	0.686	0.702	0.694	0.71	0.737	0.799	0.884	0.998	1.051	1.201	1.237	1.264	1.32
39.675	0.706	0.694	0.691	0.689	0.676	0.692	0.692	0.68	0.685	0.694	0.681	0.685	0.7	0.693	0.708	0.738	0.801	0.88	0.998	1.055	1.201	1.238	1.263	1.317
39.882	0.706	0.69	0.69	0.688	0.677	0.69	0.69	0.68	0.686	0.692	0.682	0.686	0.7	0.693	0.71	0.735	0.799	0.876	0.997	1.049	1.196	1.236	1.262	1.315
39.906	0.706	0.692	0.69	0.688	0.676	0.688	0.692	0.679	0.684	0.694	0.68	0.685	0.698	0.693	0.71	0.739	0.797	0.878	0.996	1.055	1.195	1.241	1.265	1.315
40.111	0.703	0.691	0.692	0.686	0.674	0.69	0.691	0.678	0.684	0.69	0.682	0.685	0.698	0.694	0.708	0.738	0.799	0.876	0.996	1.054	1.198	1.24	1.265	1.318
40.123	0.706	0.691	0.69	0.686	0.674	0.688	0.694	0.68	0.685	0.692	0.681	0.685	0.698	0.694	0.709	0.737	0.8	0.876	0.995	1.052	1.2	1.236	1.262	1.319
40.327	0.706	0.693	0.692	0.687	0.675	0.689	0.692	0.678	0.686	0.693	0.683	0.684	0.699	0.69	0.71	0.735	0.797	0.878	0.996	1.052	1.194	1.239	1.262	1.318
40.339	0.705	0.693	0.69	0.684	0.676	0.692	0.694	0.682	0.684	0.689	0.683	0.685	0.699	0.693	0.708	0.739	0.799	0.877	0.995	1.052	1.195	1.238	1.264	1.316
40.548	0.706	0.689	0.693	0.688	0.675	0.69	0.692	0.68	0.686	0.691	0.681	0.685	0.699	0.692	0.708	0.737	0.797	0.875	0.996	1.054	1.197	1.235	1.264	1.316
40.56	0.703	0.69	0.691	0.687	0.674	0.689	0.692	0.68	0.685	0.692	0.681	0.683	0.698	0.693	0.708	0.737	0.796	0.878	0.995	1.052	1.199	1.238	1.262	1.316
40.765	0.703	0.695	0.692	0.686	0.673	0.688	0.691	0.679	0.684	0.692	0.681	0.685	0.699	0.69	0.709	0.737	0.794	0.878	0.995	1.049	1.196	1.236	1.263	1.313
40.776	0.705	0.691	0.692	0.686	0.675	0.69	0.692	0.681	0.684	0.69	0.681	0.685	0.697	0.69	0.708	0.736	0.798	0.874	0.993	1.049	1.193	1.235	1.262	1.316
40.982	0.705	0.692	0.689	0.687	0.676	0.689	0.692	0.679	0.685	0.692	0.68	0.683	0.697	0.691	0.708	0.737	0.796	0.876	0.993	1.048	1.196	1.237	1.259	1.313
40.994	0.705	0.69	0.69	0.686	0.672	0.689	0.694	0.68	0.684	0.692	0.679	0.684	0.697	0.692	0.709	0.737	0.796	0.877	0.991	1.047	1.194	1.236	1.264	1.315
41.208	0.705	0.693	0.692	0.687	0.677	0.691	0.689	0.678	0.684	0.692	0.679	0.683	0.698	0.692	0.707	0.737	0.794	0.876	0.996	1.048	1.195	1.236	1.262	1.318
41.22	0.705	0.693	0.691	0.685	0.675	0.689	0.692	0.678	0.682	0.692	0.678	0.683	0.699	0.692	0.705	0.738	0.794	0.874	0.994	1.049	1.193	1.233	1.263	1.313
41.429	0.704	0.692	0.691	0.686	0.674	0.688	0.689	0.681	0.685	0.691	0.68	0.685	0.697	0.693	0.707	0.736	0.791	0.874	0.991	1.047	1.193	1.235	1.262	1.314
41.441	0.705	0.69	0.688	0.687	0.674	0.69	0.691	0.679	0.682	0.691	0.678	0.683	0.698	0.691	0.709	0.735	0.795	0.871	0.991	1.048	1.193	1.233	1.259	1.317
41.649	0.704	0.689	0.69	0.686	0.674	0.688	0.692	0.678	0.683	0.691	0.678	0.684	0.697	0.689	0.706	0.736	0.793	0.875	0.991	1.048	1.19	1.232	1.261	1.316
41.661	0.705	0.691	0.688	0.685	0.673	0.688	0.691	0.679	0.682	0.691	0.678	0.684	0.697	0.694	0.708	0.734	0.795	0.874	0.992	1.047	1.192	1.233	1.26	1.312
41.866	0.704	0.688	0.691	0.686	0.673	0.688	0.69	0.678	0.683	0.691	0.68	0.683	0.697	0.692	0.707	0.733	0.791	0.874	0.993	1.05	1.192	1.234	1.263	1.315
41.877	0.704	0.691	0.69	0.687	0.674	0.689	0.693	0.682	0.684	0.691	0.68	0.685	0.697	0.69	0.707	0.733	0.792	0.87	0.989	1.041	1.188	1.235	1.258	1.316
42.086	0.702	0.69	0.691	0.685	0.672	0.687	0.69	0.677	0.683	0.691	0.677	0.685	0.697	0.692	0.708	0.734	0.795	0.87	0.99	1.046	1.192	1.236	1.258	1.314
42.098	0.704	0.691	0.688	0.685	0.676	0.689	0.69	0.679	0.684	0.689	0.68	0.684	0.696	0.69	0.706	0.735	0.792	0.87	0.991	1.046	1.192	1.235	1.257	1.313
42.307	0.704	0.691	0.688	0.683	0.673	0.69	0.692	0.68	0.685	0.689	0.681	0.682	0.694	0.691	0.705	0.735	0.792	0.867	0.986	1.044	1.193	1.234	1.259	1.315
42.326	0.703	0.691	0.69	0.686	0.673	0.689	0.69	0.678	0.681	0.691	0.679	0.682	0.696	0.692	0.704	0.733	0.79	0.872	0.987	1.044	1.192	1.231	1.26	1.317
42.53	0.704	0.692	0.687	0.686	0.674	0.688	0.692	0.679	0.681	0.691	0.679	0.682	0.697	0.69	0.706	0.735	0.794	0.871	0.987	1.044	1.189	1.235	1.258	1.315
42.542	0.705	0.69	0.687	0.686	0.674	0.686	0.689	0.679	0.683	0.689	0.68	0.684	0.699	0.69	0.706	0.733	0.793	0.871	0.989	1.045	1.19	1.234	1.258	1.312
42.749	0.705	0.69	0.688	0.684	0.676	0.688	0.692	0.677	0.681	0.69	0.678	0.682	0.695	0.688	0.705	0.732	0.794	0.867	0.986	1.043	1.191	1.229	1.258	1.317
42.76	0.705	0.689	0.691	0.686	0.674	0.688	0.69	0.679	0.681	0.69	0.68	0.682	0.695	0.69	0.705	0.731	0.793	0.869	0.988	1.043	1.189	1.233	1.256	1.313
42.968	0.703	0.692	0.686	0.685	0.675	0.689	0.689	0.676	0.682	0.691	0.677	0.681	0.695	0.689	0.706	0.732	0.788	0.871	0.988	1.041	1.191	1.234	1.26	1.312
42.98	0.704	0.69	0.689	0.682	0.673	0.687	0.692	0.678	0.683	0.689	0.676	0.683	0.697	0.69	0.705	0.733	0.792	0.869	0.984	1.042	1.188	1.233	1.258	1.312
43.192	0.703	0.689	0.689	0.685	0.673	0.685	0.69	0.677	0.681	0.691	0.678	0.682	0.695	0.692	0.706	0.731	0.787	0.869	0.985	1.041	1.193	1.233	1.257	1.311
43.204	0.702	0.693	0.687	0.686	0.673	0.686	0.689	0.68	0.683	0.688	0.679	0.683	0.695	0.691	0.703	0.734	0.79	0.865	0.987	1.039	1.187	1.233	1.261	1.313
43.405	0.706	0.69	0.69	0.685	0.672	0.689	0.689	0.679	0.682	0.689	0.676	0.681	0.694	0.691	0.704	0.733	0.79	0.866	0.987	1.042	1.187	1.23	1.257	1.312
43.417	0.704	0.691	0.688	0.686	0.673	0.689	0.69	0.68	0.681	0.691	0.678	0.683	0.696	0.689	0.705	0.734	0.788	0.866	0.982	1.038	1.189	1.23	1.257	1.315
43.627	0.706	0.689	0.69	0.686	0.673	0.69	0.687	0.675	0.685	0.691	0.678	0.683	0.697	0.689	0.705	0.734	0.79	0.863	0.985	1.039	1.19	1.233	1.256	1.314
43.638	0.701	0.69	0.688	0.686	0.673	0.688	0.69	0.679	0.68	0.687	0.677	0.683	0.698	0.687	0.706	0.732	0.787	0.865	0.984	1.043	1.189	1.229	1.254	1.313
43.845	0.704	0.689	0.688	0.685	0.673	0.688	0.689	0.677	0.682	0.688	0.676	0.682	0.696	0.688	0.705	0.73	0.787	0.866	0.984	1.038	1.185	1.228	1.255	1.311
43.855	0.704	0.691	0.688	0.685	0.674	0.689	0.691	0.678	0.682	0.689	0.678	0.682	0.694	0.687	0.705	0.731	0.787	0.865	0.982	1.04	1.185	1.232	1.257	1.312
44.067	0.702	0.691	0.69	0.685	0.672	0.688	0.688	0.677	0.683	0.689	0.677	0.68	0.695	0.691	0.706	0.733	0.791	0.865	0.984	1.038	1.184	1.23	1.255	1.312
44.079	0.703	0.689	0.689	0.685	0.674	0.691	0.69	0.679	0.679	0.688	0.677	0.682	0.695	0.688	0.705	0.732	0.787	0.864	0.982	1.038	1.188	1.229	1.255	1.312
44.282	0.706	0.691	0.687	0.684	0.674	0.687	0.688	0.676	0.681	0.69	0.677	0.681	0.697	0.688	0.705	0.733	0.787	0.861	0.98	1.037	1.188	1.23	1.257	1.307
44.294	0.704	0.689	0.688	0.684	0.671	0.689	0.688	0.677	0.682	0.689	0.679	0.683	0.698	0.688	0.702	0.733	0.79	0.864	0.982	1.038	1.186	1.23	1.255	1.316
44.503	0.704	0.69	0.689	0.684	0.671	0.69	0.69	0.678	0.682	0.69	0.676	0.682	0.696	0.688	0.704	0.731	0.786	0.863	0.981	1.036	1.186	1.229	1.257	1.311
44.515	0.703	0.691	0.687	0.685	0.673	0.689	0.69	0.677	0.681	0.688	0.675	0.68	0.695	0.687	0.701	0.73	0.789	0.864	0.978	1.034	1.185	1.228	1.257	1.311
44.719	0.703	0.689	0.685	0.683	0.671	0.689	0.689	0.677	0.681	0.689	0.677	0.679	0.695	0.687	0.705	0.731	0.787	0.863	0.98	1.035	1.184	1.228	1.258	1.307
44.73	0.703	0.688	0.689	0.684	0.672	0.688	0.688	0.675	0.682	0.688	0.677	0.682	0.694	0.688	0.702	0.728	0.788	0.863	0.98	1.034	1.185	1.227	1.256	1.308
44.938	0.704	0.69	0.689	0.684	0.671	0.691	0.688	0.679	0.68	0.688	0.677	0.682	0.697	0.688	0.704	0.731	0.787	0.86	0.98	1.036	1.187	1.228	1.256	1.31
44.961	0.7	0.69	0.687	0.682	0.673	0.688	0.691	0.679	0.68	0.689	0.677	0.681	0.694	0.687	0.704	0.729	0.786	0.86	0.979	1.035	1.185	1.227	1.251	1.312
45.166	0.703	0.689	0.688	0.682	0.672	0.689	0.688	0.676	0.681	0.688	0.676	0.681	0.696	0.687	0.702	0.73	0.785	0.862	0.979	1.035	1.185	1.227	1.253	1.31
45.178	0.702	0.69	0.688	0.685	0.671	0.689	0.687	0.677	0.68	0.687	0.679	0.682	0.695	0.686	0.702	0.73	0.785	0.858	0.974	1.034	1.185	1.227	1.255	1.309
45.385	0.703	0.69	0.69	0.685	0.671	0.688	0.688	0.678	0.682	0.69	0.678	0.68	0.695	0.687	0.703	0.731	0.784	0.863	0.979	1.033	1.183	1.226	1.253	1.313
45.397	0.702	0.69	0.688	0.684	0.671	0.689	0.689	0.676	0.682	0.689	0.678	0.68	0.694	0.687	0.702	0.729	0.783	0.862	0.976	1.031	1.185	1.224	1.254	1.312
45.604	0.701	0.687	0.69	0.684	0.671	0.687	0.69	0.674	0.681	0.689	0.678	0.68	0.696	0.687	0.704	0.729	0.783	0.859	0.98	1.033	1.184	1.222	1.255	1.312
45.615	0.704	0.688	0.689	0.683	0.67	0.69	0.692	0.676	0.68	0.688	0.677	0.678	0.694	0.689	0.702	0.729	0.786	0.859	0.974	1.032	1.184	1.222	1.253	1.311
45.821	0.702	0.69	0.688	0.685	0.674	0.687	0.691	0.676	0.681	0.688	0.676	0.68	0.693	0.688	0.702	0.729	0.786	0.861	0.978	1.034	1.182	1.222	1.255	1.309
45.833	0.7	0.688	0.687	0.682	0.675	0.688	0.687	0.677	0.682	0.688	0.676	0.68	0.696	0.688	0.703	0.729	0.782	0.857	0.976	1.035	1.184	1.225	1.25	1.308
46.042	0.703	0.691	0.687	0.682	0.673	0.686	0.689	0.676	0.683	0.687	0.677	0.68	0.694	0.687	0.703	0.73	0.784	0.858	0.973	1.031	1.181	1.227	1.255	1.309
46.061	0.702	0.689	0.689	0.684	0.671	0.687	0.69	0.674	0.683	0.688	0.677	0.68	0.692	0.688	0.699	0.729	0.78	0.857	0.973	1.031	1.181	1.227	1.25	1.307
46.265	0.704	0.688	0.686	0.683	0.673	0.686	0.69	0.676	0.68	0.689	0.676	0.682	0.694	0.688	0.701	0.73	0.781	0.858	0.975	1.028	1.18	1.224	1.25	1.306
46.277	0.702	0.687	0.686	0.683	0.674	0.688	0.687	0.677	0.681	0.69	0.676	0.68	0.693	0.689	0.7	0.729	0.783	0.856	0.974	1.029	1.182	1.223	1.25	1.306
46.486	0.704	0.689	0.687	0.683	0.672	0.688	0.688	0.676	0.68	0.689	0.676	0.681	0.694	0.686	0.703	0.73	0.781	0.855	0.974	1.029	1.18	1.224	1.255	1.306
46.498	0.701	0.689	0.685	0.682	0.671	0.688	0.689	0.677	0.679	0.686	0.675	0.68	0.693	0.685	0.701	0.727	0.78	0.858	0.974	1.029	1.175	1.22	1.252	1.311
46.703	0.703	0.687	0.687	0.683	0.673	0.691	0.689	0.677	0.682	0.686	0.676	0.68	0.693	0.687	0.701	0.728	0.784	0.855	0.973	1.031	1.182	1.224	1.251	1.309
46.714	0.705	0.687	0.687	0.684	0.672	0.686	0.69	0.675	0.679	0.688	0.675	0.679	0.696	0.687	0.701	0.728	0.782	0.852	0.973	1.029	1.181	1.222	1.253	1.307
46.923	0.702	0.687	0.687	0.682	0.672	0.687	0.686	0.675	0.678	0.688	0.677	0.68	0.694	0.686	0.702	0.728	0.78	0.854	0.971	1.027	1.181	1.223	1.254	1.308
46.933	0.702	0.691	0.687	0.682	0.672	0.688	0.688	0.675	0.68	0.687	0.677	0.68	0.693	0.688	0.702	0.727	0.779	0.852	0.97	1.026	1.178	1.22	1.255	1.308
47.141	0.703	0.687	0.686	0.681	0.671	0.684	0.688	0.674	0.679	0.687	0.677	0.679	0.693	0.686	0.704	0.727	0.784	0.855	0.971	1.025	1.178	1.222	1.251	1.31
47.152	0.701	0.687	0.686	0.684	0.671	0.687	0.687	0.678	0.679	0.686	0.674	0.68	0.692	0.686	0.701	0.726	0.781	0.849	0.969	1.027	1.181	1.22	1.252	1.306
47.359	0.704	0.686	0.688	0.684	0.672	0.687	0.686	0.673	0.681	0.688	0.676	0.68	0.693	0.685	0.702	0.725	0.78	0.853	0.971	1.027	1.181	1.221	1.25	1.308
47.37	0.7	0.69	0.689	0.684	0.672	0.685	0.688	0.674	0.681	0.687	0.675	0.682	0.693	0.685	0.699	0.727	0.779	0.849	0.969	1.023	1.18	1.222	1.25	1.309
47.579	0.701	0.687	0.687	0.684	0.673	0.688	0.689	0.673	0.68	0.685	0.677	0.679	0.694	0.684	0.701	0.725	0.777	0.854	0.971	1.022	1.178	1.223	1.25	1.306
47.591	0.703	0.689	0.687	0.683	0.671	0.688	0.689	0.674	0.682	0.687	0.677	0.68	0.694	0.688	0.7	0.725	0.78	0.853	0.967	1.026	1.174	1.221	1.247	1.306
47.796	0.704	0.687	0.685	0.684	0.671	0.688	0.687	0.677	0.679	0.687	0.676	0.68	0.693	0.685	0.7	0.727	0.781	0.851	0.968	1.024	1.176	1.223	1.25	1.306
47.807	0.702	0.687	0.687	0.683	0.672	0.686	0.687	0.675	0.681	0.685	0.675	0.681	0.695	0.685	0.698	0.724	0.777	0.853	0.965	1.024	1.177	1.221	1.251	1.308
48.017	0.701	0.689	0.686	0.682	0.67	0.687	0.685	0.676	0.679	0.689	0.674	0.679	0.692	0.685	0.7	0.726	0.777	0.849	0.968	1.023	1.178	1.223	1.247	1.307
48.031	0.701	0.687	0.685	0.681	0.672	0.688	0.688	0.675	0.68	0.688	0.676	0.679	0.692	0.687	0.7	0.725	0.779	0.852	0.965	1.023	1.174	1.219	1.251	1.306
48.235	0.702	0.686	0.686	0.684	0.672	0.686	0.688	0.675	0.678	0.688	0.675	0.678	0.692	0.686	0.699	0.723	0.778	0.85	0.965	1.021	1.177	1.222	1.244	1.303
48.246	0.703	0.69	0.687	0.683	0.67	0.689	0.686	0.673	0.678	0.688	0.675	0.678	0.691	0.687	0.699	0.727	0.778	0.849	0.965	1.021	1.174	1.22	1.246	1.304
48.451	0.702	0.685	0.685	0.682	0.67	0.687	0.688	0.675	0.68	0.687	0.676	0.68	0.692	0.685	0.701	0.724	0.777	0.848	0.965	1.022	1.175	1.222	1.249	1.308
48.463	0.702	0.687	0.689	0.683	0.671	0.687	0.687	0.674	0.679	0.687	0.675	0.679	0.693	0.686	0.697	0.723	0.776	0.849	0.966	1.021	1.174	1.221	1.246	1.306
48.673	0.702	0.687	0.685	0.681	0.673	0.688	0.686	0.676	0.68	0.688	0.673	0.68	0.69	0.683	0.701	0.725	0.776	0.847	0.965	1.02	1.174	1.22	1.246	1.306
48.684	0.7	0.685	0.684	0.683	0.671	0.687	0.686	0.675	0.677	0.687	0.673	0.678	0.692	0.685	0.7	0.728	0.778	0.848	0.963	1.021	1.172	1.22	1.246	1.303
48.893	0.701	0.687	0.687	0.681	0.673	0.686	0.687	0.676	0.679	0.688	0.674	0.678	0.692	0.685	0.699	0.726	0.777	0.847	0.964	1.017	1.172	1.219	1.247	1.306
48.912	0.698	0.685	0.685	0.681	0.673	0.686	0.688	0.675	0.678	0.686	0.675	0.676	0.693	0.683	0.698	0.725	0.775	0.846	0.963	1.019	1.174	1.216	1.246	1.304
49.117	0.702	0.687	0.686	0.682	0.67	0.688	0.686	0.673	0.68	0.686	0.673	0.678	0.691	0.685	0.698	0.725	0.777	0.844	0.964	1.018	1.175	1.221	1.244	1.301
49.128	0.703	0.685	0.687	0.683	0.67	0.686	0.686	0.674	0.678	0.686	0.673	0.68	0.691	0.685	0.699	0.724	0.778	0.847	0.961	1.019	1.176	1.218	1.244	1.303
49.336	0.699	0.686	0.686	0.682	0.669	0.686	0.686	0.675	0.681	0.688	0.675	0.678	0.69	0.685	0.701	0.725	0.775	0.846	0.964	1.021	1.173	1.22	1.244	1.303
49.348	0.701	0.688	0.687	0.683	0.671	0.687	0.686	0.676	0.677	0.687	0.674	0.679	0.692	0.686	0.699	0.724	0.774	0.845	0.962	1.017	1.174	1.214	1.248	1.305
49.555	0.702	0.689	0.686	0.68	0.669	0.689	0.686	0.673	0.679	0.685	0.677	0.677	0.693	0.684	0.7	0.725	0.775	0.847	0.962	1.017	1.17	1.22	1.246	1.304
49.566	0.702	0.687	0.685	0.683	0.673	0.687	0.685	0.674	0.679	0.686	0.675	0.677	0.691	0.685	0.699	0.723	0.773	0.843	0.96	1.017	1.171	1.214	1.246	1.301
49.773	0.704	0.685	0.686	0.683	0.671	0.686	0.686	0.672	0.68	0.687	0.673	0.679	0.693	0.684	0.699	0.724	0.774	0.847	0.96	1.018	1.169	1.218	1.244	1.304
49.786	0.705	0.688	0.687	0.682	0.671	0.686	0.685	0.675	0.677	0.686	0.674	0.679	0.689	0.685	0.7	0.725	0.774	0.84	0.961	1.016	1.174	1.219	1.245	1.308
49.991	0.7	0.685	0.685	0.682	0.671	0.687	0.685	0.675	0.679	0.688	0.674	0.678	0.688	0.684	0.698	0.721	0.773	0.841	0.958	1.016	1.17	1.215	1.245	1.305
50.003	0.702	0.686	0.685	0.681	0.672	0.685	0.689	0.675	0.68	0.685	0.673	0.679	0.692	0.684	0.699	0.723	0.77	0.842	0.955	1.013	1.17	1.216	1.244	1.3
50.211	0.7	0.685	0.683	0.681	0.671	0.686	0.688	0.675	0.681	0.688	0.677	0.681	0.691	0.683	0.699	0.724	0.771	0.843	0.957	1.014	1.171	1.219	1.246	1.303
50.221	0.702	0.688	0.687	0.682	0.67	0.686	0.688	0.674	0.679	0.683	0.673	0.678	0.69	0.686	0.697	0.721	0.774	0.843	0.959	1.012	1.169	1.217	1.245	1.297
50.43	0.7	0.685	0.688	0.682	0.671	0.686	0.685	0.673	0.68	0.687	0.673	0.678	0.692	0.686	0.697	0.723	0.773	0.846	0.956	1.013	1.17	1.219	1.246	1.3
50.441	0.702	0.685	0.685	0.681	0.671	0.686	0.685	0.673	0.677	0.687	0.673	0.676	0.69	0.684	0.696	0.721	0.771	0.84	0.953	1.011	1.168	1.217	1.244	1.301
50.65	0.701	0.684	0.686	0.68	0.668	0.687	0.686	0.675	0.679	0.685	0.674	0.679	0.687	0.686	0.697	0.722	0.772	0.842	0.955	1.01	1.171	1.218	1.241	1.301
50.661	0.7	0.685	0.686	0.68	0.671	0.687	0.686	0.674	0.681	0.685	0.675	0.678	0.688	0.682	0.696	0.722	0.772	0.841	0.956	1.011	1.167	1.218	1.244	1.302
50.868	0.702	0.681	0.685	0.682	0.672	0.688	0.685	0.674	0.682	0.684	0.675	0.678	0.69	0.683	0.696	0.724	0.77	0.84	0.957	1.011	1.167	1.218	1.243	1.302
50.88	0.702	0.687	0.684	0.681	0.67	0.688	0.687	0.674	0.68	0.688	0.673	0.677	0.69	0.683	0.698	0.722	0.773	0.838	0.956	1.01	1.169	1.214	1.242	1.301
51.09	0.699	0.684	0.684	0.682	0.672	0.686	0.69	0.674	0.678	0.685	0.674	0.678	0.692	0.681	0.697	0.722	0.772	0.841	0.953	1.012	1.167	1.216	1.244	1.304
51.101	0.7	0.684	0.685	0.682	0.672	0.687	0.687	0.674	0.677	0.687	0.672	0.677	0.691	0.683	0.695	0.722	0.77	0.838	0.952	1.007	1.169	1.214	1.243	1.301
51.311	0.7	0.685	0.685	0.682	0.671	0.688	0.688	0.674	0.68	0.685	0.673	0.676	0.691	0.684	0.696	0.722	0.768	0.839	0.953	1.01	1.165	1.213	1.241	1.301
51.323	0.702	0.684	0.685	0.681	0.67	0.684	0.683	0.673	0.679	0.685	0.672	0.676	0.691	0.686	0.695	0.72	0.77	0.836	0.952	1.007	1.166	1.215	1.24	1.302
51.531	0.699	0.687	0.683	0.679	0.669	0.685	0.685	0.674	0.679	0.686	0.675	0.678	0.69	0.682	0.695	0.719	0.769	0.837	0.953	1.011	1.169	1.215	1.245	1.3
51.543	0.7	0.687	0.682	0.683	0.668	0.687	0.685	0.673	0.677	0.684	0.67	0.677	0.691	0.682	0.696	0.721	0.771	0.84	0.952	1.009	1.163	1.213	1.244	1.298
51.751	0.699	0.685	0.685	0.681	0.669	0.684	0.684	0.674	0.68	0.687	0.673	0.676	0.691	0.684	0.697	0.723	0.771	0.837	0.952	1.007	1.168	1.213	1.24	1.299
51.763	0.7	0.688	0.686	0.681	0.668	0.685	0.684	0.676	0.679	0.686	0.671	0.679	0.689	0.685	0.696	0.721	0.767	0.835	0.95	1.006	1.167	1.214	1.241	1.301
51.966	0.7	0.683	0.686	0.681	0.671	0.686	0.688	0.676	0.678	0.685	0.673	0.677	0.69	0.682	0.695	0.721	0.768	0.837	0.95	1.006	1.167	1.213	1.242	1.299
51.979	0.7	0.686	0.685	0.685	0.67	0.683	0.685	0.674	0.677	0.685	0.673	0.678	0.689	0.684	0.697	0.72	0.771	0.835	0.952	1.001	1.167	1.212	1.242	1.298
52.195	0.7	0.685	0.684	0.681	0.669	0.686	0.689	0.675	0.679	0.682	0.676	0.675	0.689	0.681	0.696	0.721	0.77	0.837	0.949	1	1.166	1.213	1.24	1.301
52.206	0.698	0.686	0.685	0.683	0.671	0.686	0.687	0.673	0.677	0.685	0.672	0.675	0.69	0.683	0.696	0.721	0.768	0.835	0.946	1.004	1.166	1.213	1.238	1.304
52.411	0.699	0.683	0.685	0.679	0.669	0.685	0.689	0.672	0.678	0.685	0.672	0.674	0.689	0.681	0.696	0.72	0.767	0.834	0.949	1.005	1.171	1.212	1.244	1.299
52.423	0.698	0.685	0.684	0.681	0.672	0.687	0.685	0.675	0.676	0.687	0.672	0.674	0.686	0.683	0.696	0.724	0.767	0.832	0.947	1.006	1.163	1.208	1.24	1.3
52.633	0.7	0.687	0.685	0.679	0.67	0.684	0.688	0.675	0.679	0.682	0.671	0.675	0.689	0.681	0.697	0.72	0.769	0.835	0.949	1.004	1.166	1.209	1.243	1.297
52.644	0.702	0.685	0.685	0.681	0.668	0.686	0.685	0.674	0.678	0.686	0.673	0.677	0.686	0.68	0.694	0.721	0.767	0.833	0.947	1.001	1.163	1.208	1.241	1.299
52.851	0.7	0.684	0.685	0.68	0.669	0.685	0.686	0.674	0.678	0.687	0.673	0.677	0.688	0.681	0.697	0.721	0.766	0.835	0.948	1.004	1.167	1.211	1.242	1.301
52.863	0.698	0.684	0.684	0.679	0.672	0.682	0.685	0.676	0.678	0.685	0.67	0.678	0.689	0.681	0.695	0.722	0.766	0.832	0.947	1	1.162	1.208	1.236	1.298
53.071	0.701	0.684	0.685	0.68	0.668	0.684	0.686	0.674	0.678	0.685	0.673	0.677	0.69	0.683	0.697	0.719	0.767	0.832	0.946	0.999	1.162	1.208	1.238	1.297
53.083	0.7	0.685	0.687	0.681	0.671	0.687	0.685	0.676	0.676	0.683	0.672	0.676	0.688	0.681	0.696	0.717	0.765	0.832	0.945	1	1.16	1.205	1.241	1.297
53.287	0.701	0.683	0.684	0.682	0.668	0.685	0.686	0.677	0.678	0.686	0.672	0.677	0.688	0.679	0.694	0.719	0.764	0.831	0.945	1.001	1.165	1.207	1.239	1.299
53.298	0.7	0.682	0.686	0.683	0.671	0.686	0.685	0.676	0.675	0.684	0.671	0.677	0.689	0.682	0.695	0.718	0.764	0.83	0.945	1.002	1.163	1.21	1.235	1.3
53.508	0.698	0.686	0.684	0.678	0.667	0.685	0.683	0.676	0.679	0.687	0.672	0.678	0.69	0.682	0.696	0.719	0.766	0.831	0.941	0.997	1.157	1.209	1.241	1.3
53.519	0.7	0.684	0.683	0.68	0.669	0.685	0.686	0.676	0.675	0.684	0.67	0.677	0.688	0.683	0.695	0.716	0.764	0.831	0.942	1	1.159	1.21	1.237	1.296
53.728	0.7	0.684	0.685	0.68	0.667	0.686	0.687	0.674	0.679	0.685	0.673	0.676	0.685	0.682	0.697	0.72	0.767	0.83	0.943	0.996	1.16	1.206	1.24	1.299
53.739	0.697	0.685	0.683	0.679	0.671	0.684	0.686	0.675	0.673	0.684	0.672	0.676	0.689	0.681	0.694	0.719	0.765	0.827	0.941	0.997	1.16	1.208	1.238	1.3
53.944	0.698	0.684	0.683	0.681	0.668	0.685	0.687	0.673	0.678	0.682	0.673	0.674	0.688	0.681	0.696	0.722	0.766	0.83	0.94	0.994	1.162	1.208	1.238	1.297
53.956	0.7	0.682	0.684	0.68	0.669	0.686	0.688	0.673	0.677	0.683	0.67	0.676	0.687	0.682	0.695	0.718	0.764	0.829	0.937	0.997	1.159	1.207	1.237	1.298
54.165	0.696	0.683	0.686	0.678	0.667	0.685	0.685	0.677	0.677	0.683	0.672	0.677	0.687	0.682	0.694	0.719	0.764	0.826	0.941	0.995	1.158	1.207	1.236	1.295
54.176	0.698	0.681	0.686	0.681	0.671	0.684	0.686	0.675	0.677	0.684	0.671	0.677	0.686	0.682	0.695	0.717	0.761	0.829	0.939	0.996	1.16	1.204	1.232	1.296
54.383	0.697	0.681	0.682	0.678	0.669	0.685	0.687	0.676	0.678	0.681	0.67	0.675	0.688	0.68	0.696	0.719	0.759	0.827	0.939	0.995	1.158	1.206	1.236	1.299
54.395	0.701	0.685	0.683	0.682	0.669	0.684	0.685	0.676	0.674	0.685	0.67	0.678	0.689	0.683	0.694	0.716	0.764	0.825	0.936	0.992	1.159	1.205	1.24	1.297
54.601	0.702	0.683	0.687	0.68	0.669	0.683	0.685	0.674	0.675	0.686	0.672	0.677	0.686	0.681	0.694	0.718	0.763	0.828	0.936	0.992	1.159	1.203	1.235	1.299
54.613	0.701	0.684	0.686	0.678	0.669	0.686	0.682	0.677	0.678	0.685	0.672	0.676	0.688	0.682	0.692	0.716	0.763	0.825	0.938	0.993	1.158	1.202	1.236	1.295
54.82	0.698	0.682	0.683	0.68	0.669	0.687	0.684	0.674	0.677	0.684	0.671	0.677	0.69	0.682	0.692	0.718	0.761	0.825	0.938	0.995	1.154	1.21	1.233	1.297
54.831	0.699	0.682	0.683	0.68	0.668	0.685	0.685	0.675	0.677	0.684	0.67	0.677	0.687	0.683	0.693	0.717	0.762	0.826	0.935	0.989	1.157	1.204	1.234	1.294
55.036	0.698	0.682	0.682	0.679	0.67	0.684	0.686	0.674	0.677	0.684	0.673	0.674	0.69	0.679	0.695	0.715	0.762	0.824	0.935	0.993	1.157	1.204	1.232	1.295
55.048	0.698	0.685	0.681	0.679	0.669	0.684	0.685	0.676	0.678	0.684	0.672	0.675	0.687	0.68	0.694	0.717	0.762	0.826	0.936	0.989	1.158	1.2	1.234	1.295
55.259	0.699	0.682	0.685	0.68	0.67	0.686	0.684	0.674	0.678	0.683	0.67	0.675	0.688	0.682	0.694	0.715	0.762	0.824	0.936	0.99	1.156	1.206	1.233	1.297
55.27	0.701	0.681	0.683	0.68	0.669	0.687	0.685	0.675	0.674	0.681	0.67	0.675	0.69	0.679	0.694	0.717	0.763	0.824	0.937	0.988	1.156	1.205	1.237	1.297
55.476	0.698	0.683	0.684	0.68	0.667	0.684	0.683	0.675	0.676	0.681	0.672	0.676	0.69	0.68	0.695	0.716	0.762	0.825	0.932	0.99	1.152	1.205	1.233	1.295
55.488	0.7	0.684	0.683	0.68	0.67	0.682	0.684	0.673	0.676	0.682	0.671	0.675	0.688	0.682	0.691	0.716	0.76	0.825	0.932	0.987	1.155	1.204	1.234	1.296
55.695	0.698	0.683	0.684	0.682	0.67	0.686	0.684	0.675	0.679	0.683	0.672	0.674	0.688	0.677	0.692	0.715	0.761	0.823	0.938	0.988	1.153	1.204	1.231	1.294
55.707	0.701	0.682	0.681	0.678	0.67	0.686	0.684	0.671	0.674	0.685	0.671	0.676	0.686	0.682	0.69	0.716	0.758	0.822	0.935	0.986	1.156	1.201	1.237	1.297
55.913	0.696	0.68	0.685	0.678	0.668	0.685	0.685	0.673	0.675	0.683	0.671	0.676	0.688	0.681	0.692	0.715	0.762	0.822	0.931	0.988	1.158	1.199	1.234	1.293
55.924	0.697	0.681	0.682	0.681	0.668	0.687	0.683	0.674	0.676	0.683	0.67	0.677	0.688	0.68	0.693	0.715	0.759	0.82	0.931	0.984	1.151	1.202	1.234	1.293
56.134	0.696	0.68	0.683	0.68	0.666	0.684	0.684	0.675	0.678	0.685	0.669	0.676	0.687	0.68	0.692	0.715	0.757	0.823	0.932	0.985	1.155	1.205	1.231	1.293
56.146	0.7	0.68	0.686	0.679	0.671	0.686	0.684	0.673	0.678	0.684	0.669	0.675	0.689	0.682	0.69	0.717	0.758	0.822	0.931	0.987	1.151	1.2	1.226	1.295
56.353	0.697	0.679	0.684	0.678	0.669	0.683	0.683	0.673	0.675	0.685	0.669	0.676	0.688	0.679	0.691	0.714	0.759	0.823	0.935	0.983	1.153	1.203	1.233	1.295
56.364	0.698	0.681	0.682	0.681	0.67	0.683	0.683	0.674	0.678	0.685	0.667	0.677	0.686	0.682	0.691	0.716	0.757	0.818	0.93	0.984	1.15	1.202	1.234	1.295
56.57	0.7	0.678	0.682	0.679	0.669	0.683	0.686	0.674	0.677	0.683	0.669	0.673	0.687	0.679	0.692	0.714	0.759	0.82	0.927	0.984	1.155	1.205	1.235	1.291
56.589	0.701	0.68	0.683	0.681	0.67	0.682	0.682	0.675	0.675	0.683	0.67	0.676	0.688	0.678	0.691	0.712	0.756	0.817	0.925	0.985	1.153	1.2	1.235	1.292
56.799	0.699	0.678	0.683	0.68	0.668	0.686	0.684	0.674	0.677	0.686	0.67	0.675	0.687	0.683	0.693	0.715	0.757	0.819	0.931	0.983	1.151	1.201	1.229	1.295
56.81	0.697	0.68	0.682	0.679	0.671	0.684	0.682	0.677	0.675	0.683	0.67	0.675	0.685	0.68	0.693	0.715	0.756	0.817	0.927	0.983	1.151	1.199	1.233	1.29
57.015	0.697	0.679	0.681	0.679	0.667	0.682	0.684	0.676	0.676	0.685	0.67	0.673	0.686	0.679	0.693	0.713	0.758	0.819	0.928	0.981	1.152	1.2	1.231	1.295
57.026	0.697	0.683	0.684	0.678	0.669	0.685	0.681	0.673	0.676	0.683	0.671	0.674	0.688	0.678	0.692	0.715	0.757	0.82	0.924	0.978	1.149	1.197	1.231	1.294
57.234	0.695	0.679	0.683	0.679	0.668	0.684	0.685	0.672	0.678	0.683	0.668	0.675	0.688	0.677	0.692	0.713	0.758	0.817	0.925	0.979	1.148	1.2	1.23	1.292
57.246	0.696	0.68	0.683	0.679	0.67	0.683	0.682	0.674	0.676	0.682	0.671	0.673	0.685	0.678	0.693	0.713	0.756	0.816	0.925	0.981	1.151	1.198	1.228	1.293
57.453	0.698	0.679	0.684	0.677	0.67	0.682	0.681	0.674	0.677	0.684	0.67	0.675	0.687	0.679	0.691	0.714	0.754	0.816	0.923	0.977	1.148	1.198	1.232	1.295
57.465	0.697	0.679	0.682	0.681	0.669	0.685	0.683	0.675	0.676	0.684	0.671	0.673	0.687	0.68	0.692	0.712	0.755	0.814	0.922	0.979	1.147	1.196	1.227	1.292
57.672	0.699	0.679	0.68	0.68	0.668	0.685	0.683	0.675	0.675	0.683	0.668	0.677	0.687	0.679	0.693	0.715	0.758	0.816	0.923	0.979	1.148	1.197	1.231	1.293
57.684	0.699	0.68	0.681	0.681	0.668	0.683	0.684	0.677	0.675	0.683	0.669	0.675	0.688	0.678	0.69	0.714	0.755	0.814	0.921	0.978	1.146	1.195	1.229	1.292
57.887	0.697	0.678	0.686	0.679	0.669	0.684	0.683	0.673	0.676	0.681	0.671	0.675	0.686	0.681	0.693	0.713	0.754	0.82	0.92	0.976	1.148	1.197	1.229	1.293
57.899	0.697	0.679	0.683	0.68	0.669	0.686	0.683	0.674	0.677	0.686	0.669	0.671	0.687	0.678	0.691	0.712	0.752	0.813	0.922	0.975	1.146	1.199	1.229	1.29
58.101	0.695	0.677	0.683	0.677	0.668	0.684	0.683	0.675	0.677	0.682	0.67	0.675	0.684	0.678	0.693	0.715	0.755	0.815	0.922	0.976	1.149	1.199	1.225	1.295
58.112	0.696	0.678	0.68	0.679	0.665	0.685	0.681	0.678	0.676	0.682	0.67	0.675	0.687	0.677	0.692	0.714	0.756	0.816	0.918	0.972	1.146	1.196	1.227	1.29
58.309	0.697	0.677	0.682	0.676	0.667	0.684	0.685	0.671	0.676	0.683	0.671	0.677	0.687	0.68	0.691	0.712	0.755	0.815	0.922	0.974	1.149	1.197	1.226	1.29
58.319	0.698	0.676	0.684	0.678	0.667	0.683	0.682	0.673	0.677	0.683	0.666	0.672	0.685	0.682	0.692	0.713	0.753	0.812	0.919	0.971	1.145	1.197	1.227	1.29
58.509	0.7	0.676	0.682	0.677	0.666	0.683	0.682	0.67	0.676	0.682	0.673	0.674	0.689	0.678	0.69	0.712	0.755	0.814	0.921	0.974	1.147	1.193	1.228	1.294
58.529	0.698	0.677	0.681	0.679	0.667	0.683	0.679	0.673	0.674	0.683	0.67	0.672	0.686	0.679	0.69	0.715	0.757	0.813	0.917	0.973	1.143	1.195	1.226	1.289
58.71	0.698	0.675	0.68	0.679	0.667	0.686	0.68	0.673	0.677	0.683	0.669	0.672	0.684	0.677	0.69	0.711	0.753	0.812	0.92	0.975	1.143	1.194	1.229	1.288
58.719	0.696	0.675	0.681	0.679	0.671	0.686	0.679	0.675	0.675	0.68	0.67	0.674	0.688	0.68	0.693	0.713	0.755	0.811	0.918	0.973	1.141	1.194	1.227	1.289
58.893	0.7	0.671	0.684	0.679	0.668	0.684	0.684	0.675	0.675	0.683	0.671	0.672	0.685	0.679	0.691	0.714	0.751	0.812	0.919	0.972	1.145	1.196	1.226	1.292
58.902	0.699	0.675	0.683	0.678	0.669	0.681	0.681	0.674	0.675	0.683	0.67	0.675	0.684	0.68	0.689	0.713	0.754	0.812	0.914	0.971	1.137	1.194	1.226	1.287
59.066	0.697	0.673	0.68	0.679	0.668	0.683	0.683	0.676	0.676	0.683	0.669	0.676	0.684	0.676	0.691	0.712	0.754	0.812	0.915	0.969	1.143	1.196	1.224	1.291
59.075	0.698	0.676	0.682	0.678	0.668	0.681	0.68	0.674	0.676	0.682	0.669	0.673	0.687	0.678	0.689	0.714	0.754	0.81	0.916	0.97	1.143	1.197	1.227	1.29
59.227	0.699	0.671	0.681	0.681	0.669	0.685	0.685	0.676	0.678	0.681	0.671	0.673	0.685	0.679	0.689	0.714	0.755	0.812	0.916	0.971	1.143	1.196	1.226	1.292
59.235	0.698	0.675	0.683	0.679	0.667	0.685	0.683	0.673	0.675	0.677	0.667	0.672	0.686	0.677	0.689	0.714	0.754	0.812	0.917	0.969	1.141	1.192	1.225	1.289
59.377	0.699	0.672	0.684	0.679	0.668	0.685	0.68	0.673	0.674	0.682	0.669	0.675	0.686	0.679	0.687	0.713	0.751	0.811	0.914	0.968	1.14	1.197	1.224	1.287
59.385	0.697	0.671	0.682	0.677	0.668	0.686	0.682	0.672	0.674	0.683	0.669	0.672	0.686	0.682	0.692	0.711	0.75	0.812	0.915	0.969	1.142	1.195	1.228	1.29
59.509	0.697	0.673	0.681	0.679	0.667	0.685	0.681	0.673	0.677	0.682	0.671	0.675	0.688	0.678	0.691	0.712	0.749	0.81	0.912	0.966	1.14	1.194	1.23	1.288
59.517	0.697	0.671	0.681	0.681	0.668	0.684	0.681	0.675	0.676	0.68	0.671	0.673	0.687	0.679	0.689	0.711	0.751	0.807	0.914	0.965	1.14	1.19	1.227	1.29
59.629	0.694	0.669	0.682	0.678	0.67	0.685	0.68	0.674	0.676	0.68	0.672	0.674	0.686	0.68	0.69	0.712	0.751	0.81	0.914	0.965	1.14	1.192	1.221	1.291
59.636	0.697	0.673	0.681	0.678	0.667	0.685	0.68	0.675	0.675	0.684	0.668	0.673	0.685	0.678	0.689	0.713	0.751	0.81	0.909	0.966	1.141	1.196	1.222	1.29
59.738	0.698	0.672	0.683	0.677	0.668	0.683	0.682	0.676	0.676	0.684	0.668	0.673	0.685	0.678	0.689	0.713	0.753	0.811	0.913	0.965	1.144	1.194	1.226	1.285
59.743	0.696	0.672	0.681	0.679	0.671	0.684	0.68	0.673	0.675	0.683	0.671	0.673	0.684	0.68	0.688	0.711	0.752	0.809	0.913	0.965	1.141	1.193	1.223	1.292
59.827	0.699	0.673	0.683	0.679	0.668	0.685	0.684	0.674	0.679	0.682	0.668	0.674	0.684	0.678	0.689	0.713	0.754	0.811	0.911	0.965	1.142	1.194	1.226	1.29
59.832	0.698	0.673	0.683	0.679	0.668	0.685	0.679	0.675	0.672	0.681	0.671	0.674	0.685	0.679	0.689	0.711	0.75	0.804	0.91	0.968	1.14	1.191	1.227	1.288
59.899	0.698	0.67	0.681	0.677	0.669	0.687	0.679	0.675	0.676	0.684	0.672	0.674	0.687	0.677	0.69	0.713	0.749	0.808	0.912	0.966	1.139	1.19	1.225	1.289
59.902	0.694	0.67	0.682	0.678	0.67	0.686	0.68	0.675	0.677	0.683	0.671	0.675	0.688	0.682	0.69	0.711	0.75	0.807	0.913	0.967	1.141	1.188	1.224	1.287
59.953	0.699	0.671	0.681	0.675	0.67	0.688	0.68	0.675	0.675	0.684	0.67	0.673	0.685	0.679	0.69	0.715	0.751	0.804	0.914	0.963	1.139	1.19	1.221	1.288
59.955	0.698	0.671	0.681	0.678	0.669	0.685	0.678	0.674	0.675	0.682	0.667	0.675	0.687	0.683	0.689	0.711	0.747	0.807	0.911	0.962	1.137	1.189	1.225	1.286
59.989	0.699	0.67	0.679	0.678	0.669	0.684	0.68	0.675	0.675	0.681	0.67	0.674	0.685	0.68	0.69	0.713	0.751	0.807	0.91	0.964	1.138	1.193	1.224	1.287
59.991	0.698	0.673	0.681	0.679	0.67	0.685	0.679	0.674	0.676	0.681	0.67	0.671	0.687	0.678	0.69	0.712	0.749	0.805	0.91	0.957	1.14	1.187	1.227	1.287
60.008	0.7	0.671	0.684	0.679	0.669	0.682	0.678	0.676	0.676	0.685	0.669	0.673	0.687	0.678	0.693	0.712	0.75	0.807	0.909	0.96	1.141	1.194	1.224	1.287
60.009	0.696	0.671	0.681	0.679	0.671	0.685	0.678	0.672	0.676	0.683	0.669	0.676	0.688	0.681	0.69	0.709	0.748	0.804	0.905	0.962	1.143	1.192	1.222	1.289
